#Position in mm | I in nA
30  1.09
29  1.44
28  2.36
27  3.78
26  5.46
25  8.42
24  11.79
23  15.7
22  24.68
21  33.96
20  51.08
19  66.03
18  82.90
17  106.9
16  127.6
15  145.69
14  160.91
13  174.59
12  183.57
11  183.02
10  182.31
09  174.52
08  155.75
07  123.75
06  99.42
05  63.71
04  29.79
03  8.94
02  1.06
01  16.01
0   52.30
-1  95.31
-2  178.63
-3 250
-4 330
-5 420
-6 460
-7 500
-8 510
-9 490
-10  450
-11  410
-12  340
-13  280
-14  240
-15  204.4
-16  177.92
-17  150.12
-18  137.51
-19  113.62
-20  93.68
-21  78.31
-22  55.91
-23  37.92
-24  27.81
-25  17.21
-26  9.71
-27  5.78
-28  3.32
-29  1.93
-30  1.30
