#Position in mm | I in nA
30  0.87
29  1.63
28  2.71
27  4.62
26  8.34
25  16.15
24  23.13
23  35.10
22  51.82
21  67.93
20  101.39
19  154.73
18  206.71
17  280
16  370
15  480
14  540
13  660
12  710
11  960
10  1130
9   1280
8   1440
7   1700
6   1870
5   2050
4   2150
3   2310
2   2480
1   2520
0   2560
-1   2550
-2   2490
-3   2470
-4   2250
-5   2160
-6   1990
-7   1760
-8   1610
-9   1360
-10  1240
-11  1090
-12  910
-13  720
-14  610
-15  520
-16  370
-17  280
-18  228
-19  178.4
-20  119.34
-21  94.31
-22  63.91
-23  43.75
-24  30.16
-25  20.01
-26  13.79
-27  10.01
-28  7.53
-29  5.61
-30  3.91
