#Position in mm | I in nA
20  1.56
19  1.64
18  1.8
17  2.03
16  2.28
15  2.30
14  3.13
13  3.26
12  3.73
11  6.45
10  9.09
9.5 7.51
9   7.19
8.5 7.38
8   10.2
7.5 17.7
7   33.1
6.5 38.7
6   37.2
5.5 31.2
5   62.0
4.5 199.7
4   640.2
3.5 1500
3   1940
2.5 1590
2   770
1.5 580
1   820
0.5 1350
0   2890
-0.5 2770
-1   2020
-1.5 1010
-2   660
-2.5 510
-3   530
-3.5 600
-4   710
-4.5 500
-5   280
-5.5 120
-6   80
-6.5 60
-7   67
-7.5 64.11
-8   41.53
-8.5 19.75
-9   8.64
-9.5 7.28
-10  9.04
-11  11.82
-12  6.28
-13  2.51
-14  2.73
-15  3.01
-16  1.97
-17  1.37
-18  1.28
-19  1.09
-20  1.14
