-70.4	-0.8
-66.3	-0.6
-64	-0.5
-61.6	-0.4
-59.4	-0.1
-57.3	0
-55.3	0.1
-53.3	0.2
-51.3	0.3
-49.4	-3.5	
-47.4	-3	
-45.6	-2.7	
-43.5	-2.2	
-41.4	-1.8	
-38.8	-2
-36.6	-1.5
-33.9	-2
-31.4	-2.7
-28.7	-3.8
-26.2	-5.2
-24	-7.1
-22	-9.4
-20	-12
-18.4	-14
-16.7	-15
-14.8	-17
-12.9	-18
-10.2	-19
-7.2	-19
-4.6	-15
-3.4	-10
-2.2	-8
-0.2	-7
2.4	-5.7
5.1	-6.1
7	-6.5
8.5	-6.6
9.8	-6.6
11.4	-6.9
13.6	-7.4
15.9	-8.2
18.4	-9.1
20.4	-11
22.1	-11
23.7	-11
25.5	-12
27.5	-14
29.7	-15
31.7	-17
33.9	-20
35.9	-22
37.9	-25
39.7	-26
41.3	-28
43.2	-29
45.3	-29
47	-29
48.7	-29
