# t in ms 	| U in V
-46		0.00054
-44.85		-3.48
-43.7		-15.038
-42.55		0.00054
-41.4		0.00054
-40.25		0.00054
-39.1		-7.5
-37.95		-3.48
-36.8		0.00054
-35.65		-7.5
-34.5		-7.5
-33.35		0.00054
-32.2		-7.5
-31.05		-15.54
-29.9		8.078
-28.75		-11.018
-27.6		-7.5
-26.45		0.00054
-25.3		0.00054
-24.15		0.000038
-23		-15.038
-21.85		-7.5
-20.7		0.00054
-19.55		-7.5
-18.4		-7.5
-17.25		0.00054
-16.1		-7.5
-14.95		-11.018
-13.8		8.078
-12.65		-11.52
-11.5		0.000038
-10.35		0.000038
-9.2		-15.038
-8.05		-7.5
-6.9		-23.078
-5.75		-3.48
-4.6		-15.038
-3.45		-15.038
-2.3		-7.5
-1.15		-7.5
-0.0E+00		635.214
1.15		377.927
2.3		209.083
3.45		116.621
4.6		48.781
5.75		24.661
6.9		-7.5
8.05		-31.118
9.2		-55.239
10.35		-67.299
11.5		-71.319
12.65		-51.219
13.8		-39.661
14.95		-7.5
16.1		24.661
17.25		52.802
18.4		120.641
19.55		197.525
20.7		354.309
21.85		571.394
23		426.671
24.15		289.987
25.3		193.003
26.45		108.58
27.6		64.862
28.75		12.098
29.9		0.000038
31.05		-27.098
32.2		-23.58
33.35		-31.621
34.5		-31.621
35.65		-11.52
36.8		-7.5
37.95		52.802
39.1		88.48
40.25		165.364
41.4		257.324
42.55		402.55
43.7		547.274
44.85		410.088
46		249.284
47.15		140.741
48.3		72.902
49.45		36.219
50.6		-7.5
51.75		-19.058
52.9		-31.621
54.05		-59.761
55.2		-63.279
56.35		-35.641
57.5		-23.58
58.65		-7.5
59.8		24.661
60.95		56.822
62.1		105.063
63.25		197.525
64.4		330.188
65.55		507.073
66.7		466.369
67.85		277.425
69		184.962
70.15		113.103
71.3		64.359
72.45		20.641
73.6		8.078
74.75		-23.58
75.9		-39.661
77.05		-43.178
78.2		-31.621
79.35		-23.078
80.5		0.000038
81.65		20.138
82.8		64.862
83.95		125.163
85.1		217.626
86.25		338.229
87.4		499.033
88.55		454.309
89.7		241.746
90.85		156.822
92		96.52
93.15		36.219
94.3		0.00054
95.45		-19.56
96.6		-23.58
97.75		-47.198
98.9		8.078
100.05		-59.761
101.2		-31.621
102.35		-7.5
103.5		8.58
104.65		48.781
105.8		112.601
106.95		177.425
108.1		257.827
109.25		454.812
110.4		498.53
111.55		325.666
112.7		209.083
113.85		121.143
115		72.399
116.15		36.219
117.3		-7.5
118.45		-7.5
119.6		-39.158
120.75		-47.701
121.9		-39.661
123.05		-19.56
124.2		16.118
125.35		20.641
126.5		48.781
127.65		109.083
128.8		193.003
129.95		294.008
131.1		450.791
132.25		495.013
133.4		305.565
134.55		188.982
135.7		112.601
136.85		44.259
138		24.158
139.15		-11.52
140.3		-31.621
141.45		-59.761
142.6		-71.319
143.75		-55.741
144.9		-47.198
146.05		-23.58
147.2		8.58
148.35		44.761
149.5		80.942
150.65		137.224
151.8		233.706
152.95		378.43
154.1		490.992
155.25		345.766
156.4		225.163
157.55		145.264
158.7		88.48
159.85		40.741
161		0.000038
162.15		-15.54
163.3		-15.54
164.45		-39.661
165.6		-15.54
166.75		-27.098
167.9		-7.5
169.05		8.58
170.2		24.661
171.35		84.962
172.5		129.183
173.65		233.706
174.8		394.51
175.95		494.51
177.1		361.847
178.25		217.626
179.4		136.721
180.55		68.379
181.7		32.198
182.85		4.56
184		-7.5
185.15		-39.661
186.3		-39.158
187.45		-63.781
188.6		-39.661
189.75		-11.018
190.9		-7.5
192.05		28.681
193.2		80.44
194.35		129.183
195.5		201.545
196.65		333.706
197.8		482.952
198.95		377.927
200.1		241.244
201.25		157.324
202.4		88.982
203.55		36.219
204.7		16.118
205.85		-11.018
207		-23.58
208.15		-35.138
209.3		-31.621
210.45		-23.078
211.6		-23.078
212.75		-15.54
213.9		16.621
215.05		60.842
216.2		121.143
217.35		189.485
218.5		306.068
219.65		486.972
220.8		386.47
221.95		253.304
223.1		152.802
224.25		97.023
225.4		40.741
226.55		4.058
227.7		-7.5
228.85		-27.098
230		-55.239
231.15		-51.219
232.3		-31.621
233.45		-15.54
234.6		0.000038
235.75		16.118
236.9		64.359
238.05		105.063
239.2		177.425
240.35		281.947
241.5		450.791
242.65		418.631
243.8		265.364
244.95		152.802
246.1		96.52
247.25		44.761
248.4		0.00054
249.55		-15.54
250.7		-15.54
251.85		-27.098
253		-23.58
254.15		-27.601
255.3		-15.54
256.45		-15.038
257.6		16.621
258.75		48.781
259.9		113.103
261.05		177.425
262.2		273.907
263.35		438.731
264.5		418.631
265.65		257.827
266.8		168.882
267.95		88.982
269.1		40.741
270.25		20.138
271.4		-7.5
272.55		-39.158
273.7		-39.661
274.85		-43.178
276		-31.621
277.15		-23.58
278.3		-7.5
279.45		12.601
280.6		48.781
281.75		93.003
282.9		153.304
284.05		261.847
285.2		410.59
286.35		438.229
287.5		297.525
288.65		172.902
289.8		104.56
290.95		48.781
292.1		8.58
293.25		-3.982
294.4		-31.118
295.55		-31.621
296.7		-31.621
297.85		-39.661
299		-23.58
300.15		-7.5
301.3		0.00054
302.45		24.661
303.6		88.48
304.75		149.284
305.9		233.706
307.05		374.41
308.2		434.711
309.35		298.028
310.5		193.003
311.65		121.143
312.8		80.44
313.95		32.701
315.1		8.078
316.25		-19.058
317.4		-23.58
318.55		-47.701
319.7		-47.198
320.85		-31.621
322		-15.038
323.15		24.661
324.3		48.781
325.45		84.962
326.6		153.304
327.75		233.204
328.9		362.349
330.05		454.812
331.2		289.485
332.35		173.405
333.5		104.56
334.65		48.781
335.8		24.158
336.95		-11.018
338.1		-15.54
339.25		-31.621
340.4		-39.661
341.55		-47.701
342.7		-39.158
343.85		-15.54
345		-7.5
346.15		36.721
347.3		64.862
348.45		113.103
349.6		201.545
350.75		326.168
351.9		442.751
353.05		341.746
354.2		225.163
355.35		132.701
356.5		80.942
357.65		48.781
358.8		16.621
359.95		-11.018
361.1		-23.58
362.25		-47.701
363.4		-39.158
364.55		-23.58
365.7		-7.5
366.85		12.098
368		32.198
369.15		64.862
370.3		129.183
371.45		193.505
372.6		314.108
373.75		438.731
374.9		353.807
376.05		201.043
377.2		97.023
378.35		76.42
379.5		32.198
380.65		0.00054
381.8		-7.5
382.95		-31.621
384.1		-31.621
385.25		-43.178
386.4		-39.158
387.55		-27.098
388.7		0.000038
389.85		16.118
391		64.359
392.15		100.54
393.3		177.425
394.45		273.907
395.6		410.59
396.75		381.947
397.9		233.706
399.05		148.781
400.2		96.52
401.35		48.781
402.5		8.58
403.65		-11.018
404.8		-15.54
405.95		-31.621
407.1		-31.621
408.25		-19.56
409.4		-7.5
410.55		-3.48
411.7		24.158
412.85		56.822
414		97.023
415.15		161.344
416.3		249.786
417.45		402.55
418.6		385.967
419.75		249.786
420.9		144.761
422.05		80.942
423.2		40.741
424.35		12.601
425.5		-7.5
426.65		-31.621
427.8		-31.621
428.95		-27.601
430.1		-23.58
431.25		-15.54
432.4		-23.078
433.55		-11.018
434.7		32.701
435.85		76.922
437		129.183
438.15		221.646
439.3		386.47
440.45		406.57
441.6		257.827
442.75		164.862
443.9		112.601
445.05		68.379
446.2		32.198
447.35		0.00054
448.5		-7.5
449.65		-31.118
450.8		-23.078
451.95		-23.078
453.1		-15.54
454.25		4.56
455.4		24.158
456.55		44.761
457.7		80.942
458.85		140.741
460		233.706
461.15		378.43
462.3		386.47
463.45		257.827
464.6		137.224
465.75		80.942
466.9		32.701
468.05		12.601
469.2		0.000038
470.35		-23.58
471.5		-39.661
472.65		-51.219
473.8		-31.621
474.95		-23.58
476.1		-15.038
477.25		-3.48
478.4		24.661
479.55		72.399
480.7		121.143
481.85		189.485
483		330.188
484.15		398.028
485.3		273.907
486.45		181.445
487.6		97.023
488.75		60.339
489.9		16.621
491.05		0.00054
492.2		-23.078
493.35		-27.098
494.5		-31.118
495.65		-27.098
496.8		-31.118
497.95		-11.018
499.1		16.118
500.25		24.661
501.4		72.902
502.55		129.183
503.7		193.505
504.85		326.168
506		410.59
507.15		289.485
508.3		168.882
509.45		101.043
510.6		64.359
511.75		24.661
512.9		-15.038
514.05		-15.54
515.2		-23.58
516.35		-31.621
517.5		-23.58
518.65		-27.601
519.8		-15.038
520.95		0.00054
522.1		32.701
523.25		52.299
524.4		112.601
525.55		177.425
526.7		298.028
527.85		406.57
529		298.028
530.15		188.982
531.3		105.063
532.45		64.862
533.6		40.239
534.75		0.00054
535.9		-15.54
537.05		-15.54
538.2		-39.158
539.35		-31.621
540.5		-15.54
541.65		-11.52
542.8		-7.5
543.95		24.661
545.1		56.822
546.25		100.54
547.4		177.425
548.55		294.008
549.7		394.51
550.85		313.606
552		193.003
553.15		105.063
554.3		48.781
555.45		28.178
556.6		0.00054
557.75		-15.54
558.9		-23.58
560.05		-35.641
561.2		-31.621
562.35		-31.621
563.5		-23.078
564.65		-15.54
565.8		16.621
566.95		32.701
568.1		88.982
569.25		153.304
570.4		249.786
571.55		378.43
572.7		345.766
573.85		217.626
575		121.143
576.15		84.962
577.3		48.279
578.45		8.078
579.6		-7.5
580.75		-7.5
581.9		-31.118
583.05		-23.58
584.2		-7.5
585.35		-15.54
586.5		-7.5
587.65		24.661
588.8		64.359
589.95		88.48
591.1		161.344
592.25		241.244
593.4		370.389
594.55		345.766
595.7		209.083
596.85		132.701
598		80.44
599.15		32.198
600.3		-7.5
601.45		-23.58
602.6		-23.58
603.75		-43.681
604.9		-47.198
606.05		-39.661
607.2		-31.621
608.35		-7.5
609.5		0.00054
610.65		44.761
611.8		80.942
612.95		124.661
614.1		209.585
615.25		346.269
616.4		361.847
617.55		245.766
618.7		145.264
619.85		96.52
621		48.781
622.15		12.601
623.3		8.58
624.45		-19.058
625.6		-15.54
626.75		-19.56
627.9		-15.54
629.05		-11.018
630.2		0.000038
631.35		0.00054
632.5		24.661
633.65		84.962
634.8		128.681
635.95		193.505
637.1		314.108
638.25		353.807
639.4		241.746
640.55		156.822
641.7		104.56
642.85		52.299
644		16.621
645.15		-7.5
646.3		-23.078
647.45		-23.58
648.6		-39.158
649.75		-31.621
650.9		-23.58
652.05		-3.48
653.2		-7.5
654.35		40.741
655.5		56.822
656.65		101.043
657.8		177.425
658.95		298.028
660.1		354.309
661.25		253.304
662.4		168.882
663.55		93.003
664.7		40.741
665.85		20.641
667		0.00054
668.15		-23.58
669.3		-23.58
670.45		-19.56
671.6		-31.118
672.75		-19.56
673.9		-23.078
675.05		-7.5
676.2		16.621
677.35		60.339
678.5		88.982
679.65		165.364
680.8		273.907
681.95		370.389
683.1		289.485
684.25		168.882
685.4		105.063
686.55		48.279
687.7		16.621
688.85		-7.5
690		-15.54
691.15		-7.5
692.3		-23.58
693.45		-31.621
694.6		-31.118
695.75		-15.038
696.9		8.58
698.05		20.641
699.2		48.781
700.35		109.083
701.5		161.344
702.65		257.827
703.8		377.927
704.95		273.405
706.1		176.922
707.25		109.083
708.4		64.359
709.55		24.158
710.7		-7.5
711.85		-11.52
713		-39.158
714.15		-27.601
715.3		-31.118
716.45		-31.621
717.6		-23.078
718.75		-11.018
719.9		32.198
721.05		52.299
722.2		97.023
723.35		137.224
724.5		241.746
725.65		350.289
726.8		289.485
727.95		181.445
729.1		97.023
730.25		56.319
731.4		32.701
732.55		12.098
733.7		-7.5
734.85		-19.058
736		-31.118
737.15		-31.621
738.3		-23.58
739.45		-15.038
740.6		-7.5
741.75		12.098
742.9		32.701
744.05		80.942
745.2		137.224
746.35		229.686
747.5		346.269
748.65		302.048
749.8		185.465
750.95		108.58
752.1		72.399
753.25		28.681
754.4		0.00054
755.55		0.00054
756.7		-23.078
757.85		-27.601
759		-15.54
760.15		-23.078
761.3		-31.118
762.45		-3.48
763.6		16.118
764.75		36.721
765.9		72.399
767.05		121.143
768.2		209.585
769.35		318.128
770.5		329.686
771.65		209.585
772.8		128.681
773.95		88.982
775.1		32.701
776.25		12.601
777.4		-7.5
778.55		-23.58
779.7		-31.621
780.85		-31.621
782		-23.58
783.15		-19.058
784.3		0.00054
785.45		12.601
786.6		40.741
787.75		72.902
788.9		129.183
790.05		185.465
791.2		314.108
792.35		329.686
793.5		209.083
794.65		129.183
795.8		64.862
796.95		40.239
798.1		8.58
799.25		-3.982
800.4		-15.54
801.55		-23.58
802.7		-23.58
803.85		-31.621
805		-23.58
806.15		-19.058
807.3		8.58
808.45		32.701
809.6		56.822
810.75		101.043
811.9		169.384
813.05		289.987
814.2		330.188
815.35		241.244
816.5		160.842
817.65		88.982
818.8		56.822
819.95		24.661
821.1		0.00054
822.25		-11.018
823.4		-15.54
824.55		-23.58
825.7		-23.58
826.85		-23.078
828		-7.5
829.15		12.098
830.3		48.279
831.45		56.822
832.6		88.982
833.75		161.344
834.9		265.867
836.05		334.209
837.2		241.244
838.35		153.304
839.5		88.982
840.65		52.299
841.8		32.198
842.95		-3.48
844.1		-15.54
845.25		-19.56
846.4		-31.621
847.55		-27.601
848.7		-7.5
849.85		-15.038
851		0.000038
852.15		20.641
853.3		56.319
854.45		97.023
855.6		137.224
856.75		241.244
857.9		337.726
859.05		245.264
860.2		160.842
861.35		97.023
862.5		64.359
863.65		20.138
864.8		0.00054
865.95		-15.54
867.1		-15.54
868.25		-15.54
869.4		-31.621
870.55		-15.54
871.7		0.000038
872.85		-3.982
874		16.621
875.15		44.761
876.3		80.44
877.45		129.183
878.6		209.585
879.75		322.148
880.9		257.827
882.05		160.842
883.2		112.601
884.35		44.259
885.5		24.158
886.65		8.58
887.8		-15.038
888.95		-19.058
890.1		-23.078
891.25		-31.118
892.4		-23.58
893.55		-19.058
894.7		8.078
895.85		12.098
897		32.701
898.15		68.882
899.3		128.681
900.45		193.505
901.6		322.148
902.75		277.425
903.9		169.384
905.05		105.063
906.2		64.862
907.35		44.761
908.5		16.118
909.65		-7.5
910.8		-15.038
911.95		-15.54
913.1		-31.118
914.25		-15.54
915.4		-23.58
916.55		8.078
917.7		16.621
918.85		36.721
920		72.902
921.15		125.163
922.3		209.585
923.45		289.987
924.6		281.445
925.75		168.882
926.9		104.56
928.05		56.822
929.2		16.621
930.35		4.56
931.5		-15.54
932.65		-35.641
933.8		-23.58
934.95		-31.621
936.1		-23.078
937.25		-23.078
938.4		-7.5
939.55		24.661
940.7		32.701
941.85		56.822
943		120.641
944.15		193.505
945.3		281.947
946.45		289.987
947.6		193.003
948.75		116.621
949.9		64.359
951.05		40.741
952.2		16.118
953.35		8.58
954.5		-7.5
955.65		-19.56
956.8		-23.58
957.95		-23.58
959.1		-15.54
960.25		0.00054
961.4		8.58
962.55		20.641
963.7		56.822
964.85		105.063
966		169.384
967.15		269.887
968.3		281.947
969.45		197.023
970.6		97.023
971.75		64.359
972.9		32.701
974.05		8.58
975.2		0.000038
976.35		-23.58
977.5		-23.078
978.65		-27.601
979.8		-31.621
980.95		-23.078
982.1		0.000038
983.25		0.00054
984.4		32.198
985.55		56.822
986.7		97.023
987.85		169.384
989		257.827
990.15		310.088
991.3		185.465
992.45		121.143
993.6		80.44
994.75		28.681
995.9		0.00054
997.05		-7.5
998.2		-15.54
999.35		-27.601
+1.000500E+00		-23.58
+1.001650E+00		-15.54
+1.002800E+00		-15.038
+1.003950E+00		-3.982
+1.005100E+00		-7.5
+1.006250E+00		12.098
+1.007400E+00		32.701
+1.008550E+00		80.942
+1.009700E+00		144.761
+1.010850E+00		233.706
+1.012000E+00		297.525
+1.013150E+00		237.726
+1.014300E+00		144.761
+1.015450E+00		84.962
+1.016600E+00		48.781
+1.017750E+00		28.178
+1.018900E+00		8.58
+1.020050E+00		-15.54
+1.021200E+00		-23.078
+1.022350E+00		-27.098
+1.023500E+00		-15.54
+1.024650E+00		-15.54
+1.025800E+00		-23.078
+1.026950E+00		4.56
+1.028100E+00		16.621
+1.029250E+00		52.299
+1.030400E+00		80.44
+1.031550E+00		121.143
+1.032700E+00		193.505
+1.033850E+00		289.987
+1.035000E+00		233.204
+1.036150E+00		161.344
+1.037300E+00		96.52
+1.038450E+00		40.741
+1.039600E+00		24.661
+1.040750E+00		12.601
+1.041900E+00		0.000038
+1.043050E+00		-15.54
+1.044200E+00		-15.54
+1.045350E+00		-7.5
+1.046500E+00		-23.078
+1.047650E+00		-11.018
+1.048800E+00		0.00054
+1.049950E+00		8.078
+1.051100E+00		48.781
+1.052250E+00		68.882
+1.053400E+00		129.183
+1.054550E+00		197.525
+1.055700E+00		305.565
+1.056850E+00		233.706
+1.058000E+00		152.802
+1.059150E+00		84.46
+1.060300E+00		40.741
+1.061450E+00		28.681
+1.062600E+00		0.00054
+1.063750E+00		-19.56
+1.064900E+00		-23.58
+1.066050E+00		-27.098
+1.067200E+00		-31.118
+1.068350E+00		-27.098
+1.069500E+00		-15.54
+1.070650E+00		-3.48
+1.071800E+00		0.00054
+1.072950E+00		24.661
+1.074100E+00		56.822
+1.075250E+00		105.063
+1.076400E+00		193.003
+1.077550E+00		281.947
+1.078700E+00		249.786
+1.079850E+00		157.324
+1.081000E+00		97.023
+1.082150E+00		48.279
+1.083300E+00		32.701
+1.084450E+00		8.58
+1.085600E+00		-7.5
+1.086750E+00		-11.018
+1.087900E+00		-7.5
+1.089050E+00		-15.54
+1.090200E+00		-23.078
+1.091350E+00		-15.54
+1.092500E+00		0.000038
+1.093650E+00		16.621
+1.094800E+00		32.198
+1.095950E+00		64.862
+1.097100E+00		97.023
+1.098250E+00		160.842
+1.099400E+00		265.867
+1.100550E+00		257.827
+1.101700E+00		169.384
+1.102850E+00		108.58
+1.104000E+00		48.781
+1.105150E+00		28.681
+1.106300E+00		24.158
+1.107450E+00		-15.54
+1.108600E+00		-7.5
+1.109750E+00		-19.058
+1.110900E+00		-7.5
+1.112050E+00		-27.098
+1.113200E+00		-23.58
+1.114350E+00		-3.982
+1.115500E+00		8.078
+1.116650E+00		28.681
+1.117800E+00		64.359
+1.118950E+00		101.043
+1.120100E+00		153.304
+1.121250E+00		249.786
+1.122400E+00		265.364
+1.123550E+00		176.922
+1.124700E+00		88.982
+1.125850E+00		60.339
+1.127000E+00		32.701
+1.128150E+00		-7.5
+1.129300E+00		-7.5
+1.130450E+00		-27.098
+1.131600E+00		-7.5
+1.132750E+00		-23.58
+1.133900E+00		-15.54
+1.135050E+00		-19.058
+1.136200E+00		-7.5
+1.137350E+00		4.56
+1.138500E+00		24.158
+1.139650E+00		48.781
+1.140800E+00		104.56
+1.141950E+00		149.284
+1.143100E+00		217.626
+1.144250E+00		277.425
+1.145400E+00		176.922
+1.146550E+00		121.143
+1.147700E+00		64.862
+1.148850E+00		28.178
+1.150000E+00		24.158
+1.151150E+00		-7.5
+1.152300E+00		-31.118
+1.153450E+00		-23.58
+1.154600E+00		-39.158
+1.155750E+00		-31.621
+1.156900E+00		-15.54
+1.158050E+00		-11.52
+1.159200E+00		0.00054
+1.160350E+00		20.641
+1.161500E+00		40.741
+1.162650E+00		80.942
+1.163800E+00		137.224
+1.164950E+00		225.666
+1.166100E+00		281.445
+1.167250E+00		188.982
+1.168400E+00		113.103
+1.169550E+00		72.902
+1.170700E+00		24.158
+1.171850E+00		12.601
+1.173000E+00		0.000038
+1.174150E+00		-19.56
+1.175300E+00		-23.58
+1.176450E+00		-23.58
+1.177600E+00		-7.5
+1.178750E+00		-23.58
+1.179900E+00		-7.5
+1.181050E+00		0.00054
+1.182200E+00		32.198
+1.183350E+00		40.239
+1.184500E+00		88.48
+1.185650E+00		129.183
+1.186800E+00		217.626
+1.187950E+00		269.384
+1.189100E+00		201.043
+1.190250E+00		120.641
+1.191400E+00		72.902
+1.192550E+00		40.741
+1.193700E+00		16.621
+1.194850E+00		-7.5
+1.196000E+00		-7.5
+1.197150E+00		-11.018
+1.198300E+00		-23.078
+1.199450E+00		-23.58
+1.200600E+00		-15.54
+1.201750E+00		-19.56
+1.202900E+00		0.00054
+1.204050E+00		12.601
+1.205200E+00		32.701
+1.206350E+00		80.942
+1.207500E+00		113.103
+1.208650E+00		201.545
+1.209800E+00		265.867
+1.210950E+00		209.083
+1.212100E+00		136.721
+1.213250E+00		76.42
+1.214400E+00		16.621
+1.215550E+00		20.138
+1.216700E+00		0.00054
+1.217850E+00		-15.038
+1.219000E+00		-31.118
+1.220150E+00		-15.038
+1.221300E+00		-23.58
+1.222450E+00		-15.54
+1.223600E+00		-15.038
+1.224750E+00		-3.982
+1.225900E+00		16.621
+1.227050E+00		28.681
+1.228200E+00		64.862
+1.229350E+00		121.143
+1.230500E+00		185.465
+1.231650E+00		265.867
+1.232800E+00		225.163
+1.233950E+00		133.204
+1.235100E+00		80.44
+1.236250E+00		52.299
+1.237400E+00		24.158
+1.238550E+00		8.58
+1.239700E+00		-7.5
+1.240850E+00		-11.52
+1.242000E+00		-31.621
+1.243150E+00		-23.58
+1.244300E+00		-23.58
+1.245450E+00		-11.018
+1.246600E+00		0.000038
+1.247750E+00		12.601
+1.248900E+00		32.198
+1.250050E+00		72.902
+1.251200E+00		105.063
+1.252350E+00		172.902
+1.253500E+00		241.746
+1.254650E+00		225.163
+1.255800E+00		129.183
+1.256950E+00		84.46
+1.258100E+00		48.279
+1.259250E+00		24.661
+1.260400E+00		0.00054
+1.261550E+00		-3.982
+1.262700E+00		0.000038
+1.263850E+00		-23.58
+1.265000E+00		-15.54
+1.266150E+00		-11.52
+1.267300E+00		-31.118
+1.268450E+00		-11.018
+1.269600E+00		0.00054
+1.270750E+00		16.621
+1.271900E+00		40.741
+1.273050E+00		88.982
+1.274200E+00		145.264
+1.275350E+00		237.726
+1.276500E+00		233.706
+1.277650E+00		148.781
+1.278800E+00		104.56
+1.279950E+00		60.842
+1.281100E+00		32.198
+1.282250E+00		16.118
+1.283400E+00		-15.038
+1.284550E+00		-23.58
+1.285700E+00		-7.5
+1.286850E+00		-11.52
+1.288000E+00		-23.078
+1.289150E+00		-23.58
+1.290300E+00		0.00054
+1.291450E+00		0.00054
+1.292600E+00		32.701
+1.293750E+00		48.781
+1.294900E+00		80.942
+1.296050E+00		137.224
+1.297200E+00		225.666
+1.298350E+00		245.766
+1.299500E+00		168.882
+1.300650E+00		96.52
+1.301800E+00		56.822
+1.302950E+00		24.158
+1.304100E+00		8.58
+1.305250E+00		-7.5
+1.306400E+00		-7.5
+1.307550E+00		-15.038
+1.308700E+00		-15.54
+1.309850E+00		-19.058
+1.311000E+00		-15.038
+1.312150E+00		-23.078
+1.313300E+00		8.078
+1.314450E+00		12.601
+1.315600E+00		40.741
+1.316750E+00		88.982
+1.317900E+00		121.143
+1.319050E+00		205.063
+1.320200E+00		249.786
+1.321350E+00		188.982
+1.322500E+00		105.063
+1.323650E+00		56.319
+1.324800E+00		40.239
+1.325950E+00		20.138
+1.327100E+00		-23.078
+1.328250E+00		-11.52
+1.329400E+00		-23.078
+1.330550E+00		-11.018
+1.331700E+00		-7.5
+1.332850E+00		-23.58
+1.334000E+00		0.000038
+1.335150E+00		4.56
+1.336300E+00		24.158
+1.337450E+00		32.198
+1.338600E+00		88.48
+1.339750E+00		117.123
+1.340900E+00		193.505
+1.342050E+00		245.264
+1.343200E+00		184.962
+1.344350E+00		113.103
+1.345500E+00		48.781
+1.346650E+00		28.681
+1.347800E+00		16.118
+1.348950E+00		-3.982
+1.350100E+00		-15.038
+1.351250E+00		-23.58
+1.352400E+00		-15.54
+1.353550E+00		-31.621
+1.354700E+00		-23.078
+1.355850E+00		-15.54
+1.357000E+00		-15.038
+1.358150E+00		16.118
+1.359300E+00		40.239
+1.360450E+00		60.339
+1.361600E+00		113.103
+1.362750E+00		189.485
+1.363900E+00		249.786
+1.365050E+00		188.982
+1.366200E+00		105.063
+1.367350E+00		76.42
+1.368500E+00		40.239
+1.369650E+00		20.641
+1.370800E+00		-7.5
+1.371950E+00		-3.982
+1.373100E+00		-15.54
+1.374250E+00		-11.52
+1.375400E+00		0.000038
+1.376550E+00		-19.058
+1.377700E+00		8.078
+1.378850E+00		-3.48
+1.380000E+00		0.00054
+1.381150E+00		28.681
+1.382300E+00		64.359
+1.383450E+00		116.621
+1.384600E+00		193.003
+1.385750E+00		245.766
+1.386900E+00		193.003
+1.388050E+00		116.621
+1.389200E+00		56.822
+1.390350E+00		36.721
+1.391500E+00		16.621
+1.392650E+00		-7.5
+1.393800E+00		-23.078
+1.394950E+00		-15.54
+1.396100E+00		-7.5
+1.397250E+00		-19.058
+1.398400E+00		-23.078
+1.399550E+00		-15.038
+1.400700E+00		-7.5
+1.401850E+00		16.621
+1.403000E+00		24.661
+1.404150E+00		56.822
+1.405300E+00		80.942
+1.406450E+00		169.384
+1.407600E+00		241.746
+1.408750E+00		209.585
+1.409900E+00		136.721
+1.411050E+00		76.922
+1.412200E+00		40.741
+1.413350E+00		28.178
+1.414500E+00		8.58
+1.415650E+00		-11.52
+1.416800E+00		-23.58
+1.417950E+00		-11.52
+1.419100E+00		-31.118
+1.420250E+00		-23.58
+1.421400E+00		-15.54
+1.422550E+00		0.00054
+1.423700E+00		16.118
+1.424850E+00		20.138
+1.426000E+00		56.822
+1.427150E+00		92.5
+1.428300E+00		137.224
+1.429450E+00		209.585
+1.430600E+00		209.083
+1.431750E+00		116.621
+1.432900E+00		88.48
+1.434050E+00		40.741
+1.435200E+00		32.198
+1.436350E+00		8.58
+1.437500E+00		-15.54
+1.438650E+00		-7.5
+1.439800E+00		-15.54
+1.440950E+00		-7.5
+1.442100E+00		-15.54
+1.443250E+00		-7.5
+1.444400E+00		-7.5
+1.445550E+00		16.621
+1.446700E+00		32.198
+1.447850E+00		64.862
+1.449000E+00		88.48
+1.450150E+00		137.224
+1.451300E+00		209.585
+1.452450E+00		217.626
+1.453600E+00		121.143
+1.454750E+00		97.023
+1.455900E+00		56.822
+1.457050E+00		28.178
+1.458200E+00		-7.5
+1.459350E+00		4.058
+1.460500E+00		-7.5
+1.461650E+00		-19.058
+1.462800E+00		-7.5
+1.463950E+00		-23.58
+1.465100E+00		-15.54
+1.466250E+00		4.56
+1.467400E+00		8.078
+1.468550E+00		16.621
+1.469700E+00		48.781
+1.470850E+00		80.942
+1.472000E+00		129.183
+1.473150E+00		205.565
+1.474300E+00		209.585
+1.475450E+00		156.822
+1.476600E+00		88.982
+1.477750E+00		44.259
+1.478900E+00		40.239
+1.480050E+00		8.58
+1.481200E+00		-7.5
+1.482350E+00		-19.56
+1.483500E+00		-15.54
+1.484650E+00		-27.601
+1.485800E+00		-15.54
+1.486950E+00		-19.058
+1.488100E+00		-15.038
+1.489250E+00		4.56
+1.490400E+00		24.661
+1.491550E+00		32.701
+1.492700E+00		64.862
+1.493850E+00		113.103
+1.495000E+00		177.425
+1.496150E+00		213.606
+1.497300E+00		160.842
+1.498450E+00		113.103
+1.499600E+00		80.44
+1.500750E+00		28.681
+1.501900E+00		16.621
+1.503050E+00		0.00054
+1.504200E+00		-23.078
+1.505350E+00		-7.5
+1.506500E+00		8.078
+1.507650E+00		-15.54
+1.508800E+00		-7.5
+1.509950E+00		-3.48
+1.511100E+00		0.00054
+1.512250E+00		12.601
+1.513400E+00		32.701
+1.514550E+00		72.902
+1.515700E+00		97.023
+1.516850E+00		173.405
+1.518000E+00		225.163
+1.519150E+00		169.384
+1.520300E+00		105.063
+1.521450E+00		68.379
+1.522600E+00		24.661
+1.523750E+00		12.098
+1.524900E+00		-15.54
+1.526050E+00		-7.5
+1.527200E+00		-15.54
+1.528350E+00		-23.58
+1.529500E+00		-31.118
+1.530650E+00		-11.52
+1.531800E+00		-15.038
+1.532950E+00		0.000038
+1.534100E+00		-7.5
+1.535250E+00		40.239
+1.536400E+00		64.359
+1.537550E+00		84.962
+1.538700E+00		145.264
+1.539850E+00		221.646
+1.541000E+00		176.922
+1.542150E+00		116.621
+1.543300E+00		64.359
+1.544450E+00		32.198
+1.545600E+00		8.58
+1.546750E+00		0.00054
+1.547900E+00		-7.5
+1.549050E+00		-15.038
+1.550200E+00		-15.54
+1.551350E+00		-15.54
+1.552500E+00		-23.078
+1.553650E+00		-3.982
+1.554800E+00		8.078
+1.555950E+00		8.078
+1.557100E+00		16.621
+1.558250E+00		36.219
+1.559400E+00		80.942
+1.560550E+00		145.264
+1.561700E+00		217.626
+1.562850E+00		180.942
+1.564000E+00		105.063
+1.565150E+00		64.862
+1.566300E+00		24.661
+1.567450E+00		24.661
+1.568600E+00		-7.5
+1.569750E+00		-3.982
+1.570900E+00		-15.038
+1.572050E+00		-19.058
+1.573200E+00		-23.078
+1.574350E+00		0.00054
+1.575500E+00		-7.5
+1.576650E+00		-3.48
+1.577800E+00		8.58
+1.578950E+00		28.178
+1.580100E+00		48.781
+1.581250E+00		97.023
+1.582400E+00		145.264
+1.583550E+00		205.565
+1.584700E+00		184.962
+1.585850E+00		113.103
+1.587000E+00		64.359
+1.588150E+00		40.741
+1.589300E+00		8.58
+1.590450E+00		4.56
+1.591600E+00		-15.54
+1.592750E+00		-11.018
+1.593900E+00		-7.5
+1.595050E+00		-19.058
+1.596200E+00		-7.5
+1.597350E+00		-15.54
+1.598500E+00		-7.5
+1.599650E+00		8.58
+1.600800E+00		8.58
+1.601950E+00		36.721
+1.603100E+00		64.862
+1.604250E+00		129.183
+1.605400E+00		193.003
+1.606550E+00		197.023
+1.607700E+00		129.183
+1.608850E+00		72.399
+1.610000E+00		56.319
+1.611150E+00		16.118
+1.612300E+00		8.58
+1.613450E+00		0.00054
+1.614600E+00		-15.54
+1.615750E+00		-7.5
+1.616900E+00		-15.038
+1.618050E+00		-19.058
+1.619200E+00		-15.038
+1.620350E+00		-3.48
+1.621500E+00		8.078
+1.622650E+00		8.078
+1.623800E+00		40.741
+1.624950E+00		84.962
+1.626100E+00		129.183
+1.627250E+00		189.485
+1.628400E+00		193.003
+1.629550E+00		129.183
+1.630700E+00		72.902
+1.631850E+00		52.299
+1.633000E+00		8.58
+1.634150E+00		8.078
+1.635300E+00		-23.078
+1.636450E+00		-15.54
+1.637600E+00		-7.5
+1.638750E+00		-11.018
+1.639900E+00		-15.54
+1.641050E+00		-15.54
+1.642200E+00		8.078
+1.643350E+00		0.00054
+1.644500E+00		24.661
+1.645650E+00		32.701
+1.646800E+00		72.902
+1.647950E+00		125.163
+1.649100E+00		177.425
+1.650250E+00		201.545
+1.651400E+00		136.721
+1.652550E+00		76.922
+1.653700E+00		56.319
+1.654850E+00		20.138
+1.656000E+00		0.00054
+1.657150E+00		-3.48
+1.658300E+00		-15.038
+1.659450E+00		-19.56
+1.660600E+00		-7.5
+1.661750E+00		-11.52
+1.662900E+00		-7.5
+1.664050E+00		-7.5
+1.665200E+00		-7.5
+1.666350E+00		4.56
+1.667500E+00		24.661
+1.668650E+00		56.822
+1.669800E+00		105.063
+1.670950E+00		173.405
+1.672100E+00		201.545
+1.673250E+00		145.264
+1.674400E+00		88.982
+1.675550E+00		44.259
+1.676700E+00		24.661
+1.677850E+00		4.058
+1.679000E+00		0.00054
+1.680150E+00		-11.018
+1.681300E+00		-15.038
+1.682450E+00		-15.54
+1.683600E+00		-23.078
+1.684750E+00		-3.982
+1.685900E+00		-15.038
+1.687050E+00		0.000038
+1.688200E+00		16.118
+1.689350E+00		24.661
+1.690500E+00		40.741
+1.691650E+00		97.023
+1.692800E+00		153.304
+1.693950E+00		205.565
+1.695100E+00		160.842
+1.696250E+00		101.043
+1.697400E+00		56.822
+1.698550E+00		24.158
+1.699700E+00		24.661
+1.700850E+00		8.58
+1.702000E+00		-7.5
+1.703150E+00		-11.018
+1.704300E+00		-7.5
+1.705450E+00		-7.5
+1.706600E+00		-23.078
+1.707750E+00		-15.038
+1.708900E+00		-7.5
+1.710050E+00		24.661
+1.711200E+00		40.239
+1.712350E+00		60.339
+1.713500E+00		88.982
+1.714650E+00		157.324
+1.715800E+00		193.505
+1.716950E+00		153.304
+1.718100E+00		88.48
+1.719250E+00		52.802
+1.720400E+00		32.198
+1.721550E+00		8.078
+1.722700E+00		-7.5
+1.723850E+00		-19.56
+1.725000E+00		-7.5
+1.726150E+00		-11.018
+1.727300E+00		0.000038
+1.728450E+00		-11.52
+1.729600E+00		-7.5
+1.730750E+00		-7.5
+1.731900E+00		0.000038
+1.733050E+00		20.641
+1.734200E+00		56.319
+1.735350E+00		76.42
+1.736500E+00		121.143
+1.737650E+00		189.485
+1.738800E+00		184.962
+1.739950E+00		121.143
+1.741100E+00		72.902
+1.742250E+00		40.239
+1.743400E+00		24.661
+1.744550E+00		12.601
+1.745700E+00		-7.5
+1.746850E+00		0.00054
+1.748000E+00		-7.5
+1.749150E+00		-7.5
+1.750300E+00		-7.5
+1.751450E+00		4.058
+1.752600E+00		0.00054
+1.753750E+00		0.00054
+1.754900E+00		24.158
+1.756050E+00		40.741
+1.757200E+00		72.902
+1.758350E+00		113.103
+1.759500E+00		185.465
+1.760650E+00		172.902
+1.761800E+00		105.063
+1.762950E+00		72.902
+1.764100E+00		32.701
+1.765250E+00		4.56
+1.766400E+00		8.58
+1.767550E+00		-3.48
+1.768700E+00		-15.038
+1.769850E+00		-15.54
+1.771000E+00		-15.038
+1.772150E+00		-15.54
+1.773300E+00		-15.038
+1.774450E+00		-11.52
+1.775600E+00		0.00054
+1.776750E+00		20.641
+1.777900E+00		40.239
+1.779050E+00		52.802
+1.780200E+00		120.641
+1.781350E+00		173.405
+1.782500E+00		161.344
+1.783650E+00		117.123
+1.784800E+00		64.862
+1.785950E+00		48.279
+1.787100E+00		24.158
+1.788250E+00		0.00054
+1.789400E+00		-7.5
+1.790550E+00		-7.5
+1.791700E+00		0.000038
+1.792850E+00		-11.018
+1.794000E+00		-23.078
+1.795150E+00		-15.54
+1.796300E+00		-7.5
+1.797450E+00		12.098
+1.798600E+00		8.58
+1.799750E+00		40.741
+1.800900E+00		64.862
+1.802050E+00		101.043
+1.803200E+00		160.842
+1.804350E+00		180.942
+1.805500E+00		121.143
+1.806650E+00		64.862
+1.807800E+00		40.741
+1.808950E+00		20.138
+1.810100E+00		0.000038
+1.811250E+00		4.058
+1.812400E+00		-15.038
+1.813550E+00		-11.52
+1.814700E+00		-15.038
+1.815850E+00		-7.5
+1.817000E+00		-15.54
+1.818150E+00		0.00054
+1.819300E+00		8.078
+1.820450E+00		8.58
+1.821600E+00		24.661
+1.822750E+00		60.339
+1.823900E+00		88.982
+1.825050E+00		161.344
+1.826200E+00		193.003
+1.827350E+00		132.701
+1.828500E+00		72.902
+1.829650E+00		48.781
+1.830800E+00		16.621
+1.831950E+00		0.00054
+1.833100E+00		0.000038
+1.834250E+00		-3.48
+1.835400E+00		-23.078
+1.836550E+00		-11.52
+1.837700E+00		-7.5
+1.838850E+00		-7.5
+1.840000E+00		0.000038
+1.841150E+00		0.00054
+1.842300E+00		8.58
+1.843450E+00		24.661
+1.844600E+00		48.781
+1.845750E+00		97.023
+1.846900E+00		161.344
+1.848050E+00		180.942
+1.849200E+00		129.183
+1.850350E+00		84.46
+1.851500E+00		48.279
+1.852650E+00		16.621
+1.853800E+00		8.078
+1.854950E+00		-7.5
+1.856100E+00		-7.5
+1.857250E+00		-7.5
+1.858400E+00		8.078
+1.859550E+00		-3.48
+1.860700E+00		-15.038
+1.861850E+00		-11.52
+1.863000E+00		0.00054
+1.864150E+00		8.58
+1.865300E+00		40.239
+1.866450E+00		52.299
+1.867600E+00		96.52
+1.868750E+00		132.701
+1.869900E+00		185.465
+1.871050E+00		128.681
+1.872200E+00		80.942
+1.873350E+00		52.802
+1.874500E+00		24.158
+1.875650E+00		12.098
+1.876800E+00		-15.038
+1.877950E+00		-11.018
+1.879100E+00		-15.038
+1.880250E+00		-7.5
+1.881400E+00		-7.5
+1.882550E+00		4.058
+1.883700E+00		-15.038
+1.884850E+00		0.00054
+1.886000E+00		0.00054
+1.887150E+00		28.681
+1.888300E+00		56.822
+1.889450E+00		72.902
+1.890600E+00		121.143
+1.891750E+00		177.425
+1.892900E+00		137.224
+1.894050E+00		84.962
+1.895200E+00		56.319
+1.896350E+00		32.701
+1.897500E+00		24.158
+1.898650E+00		4.56
+1.899800E+00		8.078
+1.900950E+00		-15.54
+1.902100E+00		-31.118
+1.903250E+00		-7.5
+1.904400E+00		-23.078
+1.905550E+00		-3.982
+1.906700E+00		24.158
+1.907850E+00		8.58
+1.909000E+00		32.701
+1.910150E+00		52.802
+1.911300E+00		88.982
+1.912450E+00		121.143
+1.913600E+00		184.962
+1.914750E+00		156.822
+1.915900E+00		97.023
+1.917050E+00		68.379
+1.918200E+00		40.239
+1.919350E+00		16.118
+1.920500E+00		0.000038
+1.921650E+00		-15.54
+1.922800E+00		0.000038
+1.923950E+00		-7.5
+1.925100E+00		-15.038
+1.926250E+00		-7.5
+1.927400E+00		-15.038
+1.928550E+00		-3.982
+1.929700E+00		16.621
+1.930850E+00		20.641
+1.932000E+00		32.198
+1.933150E+00		60.842
+1.934300E+00		97.023
+1.935450E+00		161.344
+1.936600E+00		153.304
+1.937750E+00		100.54
+1.938900E+00		56.822
+1.940050E+00		24.661
+1.941200E+00		24.158
+1.942350E+00		0.00054
+1.943500E+00		0.000038
+1.944650E+00		-15.54
+1.945800E+00		-15.038
+1.946950E+00		-3.982
+1.948100E+00		0.000038
+1.949250E+00		-7.5
+1.950400E+00		-7.5
+1.951550E+00		-3.48
+1.952700E+00		16.621
+1.953850E+00		44.259
+1.955000E+00		56.822
+1.956150E+00		93.003
+1.957300E+00		145.264
+1.958450E+00		172.902
+1.959600E+00		105.063
+1.960750E+00		60.339
+1.961900E+00		40.239
+1.963050E+00		28.178
+1.964200E+00		8.078
+1.965350E+00		4.058
+1.966500E+00		-7.5
+1.967650E+00		-7.5
+1.968800E+00		16.118
+1.969950E+00		-15.54
+1.971100E+00		-7.5
+1.972250E+00		4.058
+1.973400E+00		-7.5
+1.974550E+00		-3.982
+1.975700E+00		32.198
+1.976850E+00		52.802
+1.978000E+00		97.023
+1.979150E+00		141.244
+1.980300E+00		176.922
+1.981450E+00		109.083
+1.982600E+00		72.399
+1.983750E+00		52.802
+1.984900E+00		8.58
+1.986050E+00		0.00054
+1.987200E+00		0.000038
+1.988350E+00		-7.5
+1.989500E+00		-7.5
+1.990650E+00		-19.058
+1.991800E+00		-15.038
+1.992950E+00		-15.038
+1.994100E+00		-7.5
+1.995250E+00		-3.982
+1.996400E+00		16.118
+1.997550E+00		24.661
+1.998700E+00		48.279
+1.999850E+00		84.962
+2.001000E+00		136.721
+2.002150E+00		161.344
+2.003300E+00		121.143
+2.004450E+00		64.862
+2.005600E+00		48.279
+2.006750E+00		16.621
+2.007900E+00		16.118
+2.009050E+00		0.00054
+2.010200E+00		-23.078
+2.011350E+00		-7.5
+2.012500E+00		0.00054
+2.013650E+00		-11.52
+2.014800E+00		0.000038
+2.015950E+00		-11.018
+2.017100E+00		-7.5
+2.018250E+00		0.00054
+2.019400E+00		24.661
+2.020550E+00		36.721
+2.021700E+00		72.902
+2.022850E+00		137.224
+2.024000E+00		161.344
+2.025150E+00		140.741
+2.026300E+00		72.902
+2.027450E+00		48.781
+2.028600E+00		16.621
+2.029750E+00		8.58
+2.030900E+00		8.078
+2.032050E+00		-7.5
+2.033200E+00		-15.54
+2.034350E+00		-3.982
+2.035500E+00		-15.038
+2.036650E+00		-7.5
+2.037800E+00		8.078
+2.038950E+00		-11.018
+2.040100E+00		8.58
+2.041250E+00		28.178
+2.042400E+00		48.781
+2.043550E+00		80.942
+2.044700E+00		128.681
+2.045850E+00		161.344
+2.047000E+00		128.681
+2.048150E+00		68.882
+2.049300E+00		40.239
+2.050450E+00		24.661
+2.051600E+00		0.000038
+2.052750E+00		-3.982
+2.053900E+00		-7.5
+2.055050E+00		-11.018
+2.056200E+00		-7.5
+2.057350E+00		-11.52
+2.058500E+00		-7.5
+2.059650E+00		-15.54
+2.060800E+00		-7.5
+2.061950E+00		4.058
+2.063100E+00		8.58
+2.064250E+00		36.721
+2.065400E+00		80.44
+2.066550E+00		109.083
+2.067700E+00		145.264
+2.068850E+00		129.183
+2.070000E+00		88.48
+2.071150E+00		52.299
+2.072300E+00		24.661
+2.073450E+00		-3.982
+2.074600E+00		-7.5
+2.075750E+00		-11.52
+2.076900E+00		0.00054
+2.078050E+00		-7.5
+2.079200E+00		-7.5
+2.080350E+00		-11.018
+2.081500E+00		-7.5
+2.082650E+00		-7.5
+2.083800E+00		0.00054
+2.084950E+00		12.098
+2.086100E+00		40.741
+2.087250E+00		64.862
+2.088400E+00		112.601
+2.089550E+00		157.324
+2.090700E+00		136.721
+2.091850E+00		80.942
+2.093000E+00		64.359
+2.094150E+00		24.661
+2.095300E+00		0.00054
+2.096450E+00		-3.982
+2.097600E+00		-15.038
+2.098750E+00		-3.48
+2.099900E+00		-7.5
+2.101050E+00		-11.52
+2.102200E+00		-7.5
+2.103350E+00		0.000038
+2.104500E+00		8.078
+2.105650E+00		4.56
+2.106800E+00		16.621
+2.107950E+00		36.219
+2.109100E+00		56.822
+2.110250E+00		97.023
+2.111400E+00		144.761
+2.112550E+00		133.204
+2.113700E+00		88.48
+2.114850E+00		48.781
+2.116000E+00		32.198
+2.117150E+00		8.58
+2.118300E+00		-7.5
+2.119450E+00		-11.52
+2.120600E+00		-7.5
+2.121750E+00		-15.038
+2.122900E+00		-7.5
+2.124050E+00		-3.982
+2.125200E+00		-15.038
+2.126350E+00		-11.52
+2.127500E+00		-7.5
+2.128650E+00		20.138
+2.129800E+00		32.198
+2.130950E+00		52.299
+2.132100E+00		104.56
+2.133250E+00		145.264
+2.134400E+00		152.802
+2.135550E+00		97.023
+2.136700E+00		64.359
+2.137850E+00		32.701
+2.139000E+00		16.118
+2.140150E+00		0.000038
+2.141300E+00		0.00054
+2.142450E+00		-11.52
+2.143600E+00		-15.54
+2.144750E+00		-3.48
+2.145900E+00		-23.078
+2.147050E+00		-11.52
+2.148200E+00		-15.54
+2.149350E+00		-3.982
+2.150500E+00		16.118
+2.151650E+00		32.701
+2.152800E+00		64.359
+2.153950E+00		64.862
+2.155100E+00		129.183
+2.156250E+00		148.781
+2.157400E+00		112.601
+2.158550E+00		64.862
+2.159700E+00		40.239
+2.160850E+00		12.098
+2.162000E+00		24.158
+2.163150E+00		4.56
+2.164300E+00		-7.5
+2.165450E+00		-15.54
+2.166600E+00		-7.5
+2.167750E+00		-11.52
+2.168900E+00		-7.5
+2.170050E+00		-7.5
+2.171200E+00		-7.5
+2.172350E+00		28.178
+2.173500E+00		32.701
+2.174650E+00		40.741
+2.175800E+00		72.902
+2.176950E+00		133.204
+2.178100E+00		137.224
+2.179250E+00		100.54
+2.180400E+00		56.822
+2.181550E+00		44.259
+2.182700E+00		16.621
+2.183850E+00		20.641
+2.185000E+00		-7.5
+2.186150E+00		-7.5
+2.187300E+00		-15.54
+2.188450E+00		-7.5
+2.189600E+00		0.000038
+2.190750E+00		-15.54
+2.191900E+00		-15.54
+2.193050E+00		-31.621
+2.194200E+00		-23.58
+2.195350E+00		-19.56
+2.196500E+00		-7.5
+2.197650E+00		-23.58
+2.198800E+00		0.000038
+2.199950E+00		-3.48
+2.201100E+00		0.00054
+2.202250E+00		0.000038
+2.203400E+00		0.00054
+2.204550E+00		8.58
+2.205700E+00		16.118
+2.206850E+00		0.00054
+2.208000E+00		8.078
+2.209150E+00		0.00054
+2.210300E+00		-7.5
+2.211450E+00		0.00054
+2.212600E+00		0.00054
+2.213750E+00		-7.5
+2.214900E+00		0.000038
+2.216050E+00		-3.48
+2.217200E+00		-15.54
+2.218350E+00		-19.058
+2.219500E+00		-7.5
+2.220650E+00		-7.5
+2.221800E+00		-15.54
+2.222950E+00		-15.54
+2.224100E+00		-7.5
+2.225250E+00		-15.54
+2.226400E+00		0.000038
+2.227550E+00		-11.018
+2.228700E+00		-15.038
+2.229850E+00		-11.52
+2.231000E+00		8.078
+2.232150E+00		-11.018
+2.233300E+00		0.00054
+2.234450E+00		4.56
+2.235600E+00		0.00054
+2.236750E+00		-3.48
+2.237900E+00		0.000038
+2.239050E+00		-3.48
+2.240200E+00		-7.5
+2.241350E+00		-3.48
+2.242500E+00		-15.038
+2.243650E+00		-7.5
+2.244800E+00		8.078
+2.245950E+00		-3.48
+2.247100E+00		-7.5
+2.248250E+00		-7.5
+2.249400E+00		-31.118
+2.250550E+00		-7.5
+2.251700E+00		-7.5
